20.0 -0.016124444444444445 0.0008265405874567901
19.95 -0.016594074074074074 0.0008388253478338317
19.9 -0.016253827160493825 0.0008415085467164598
19.85 -0.016489382716049383 0.0008493337682398752
19.8 -0.01658320987654321 0.0008434899658261124
19.75 -0.017881975308641974 0.0008515008180914344
19.7 -0.01648641975308642 0.0008546161603726259
19.65 -0.016676049382716048 0.0008633403993886992
19.6 -0.014765925925925925 0.000868238038625881
19.55 -0.018130370370370373 0.0008772433114531667
19.5 -0.01719358024691358 0.0008709345676609768
19.45 -0.017682962962962963 0.0008763663939523217
19.4 -0.016586666666666666 0.0008953259228293375
19.35 -0.01797037037037037 0.0008914663112881078
19.3 -0.017706172839506172 0.0008924057737567898
19.25 -0.01721037037037037 0.0008964180657417299
19.2 -0.017959012345679013 0.0008985763519697361
19.15 -0.016841975308641975 0.0008813256755768422
19.1 -0.018493827160493827 0.0009252939717309295
19.05 -0.018032098765432096 0.0009220150751302874
19.0 -0.01765777777777778 0.0009283451017954244
18.95 -0.016828641975308645 0.000926138264818472
18.9 -0.018515555555555556 0.0009415798205088061
18.85 -0.017508148148148148 0.0009394665623065951
18.8 -0.01874617283950617 0.0009479632971178513
18.75 -0.017239506172839508 0.0009395062005816187
18.7 -0.01783111111111111 0.0009344608130022747
18.65 -0.016993086419753087 0.000957152489936287
18.6 -0.016978271604938273 0.0009637078910999487
18.55 -0.01752543209876543 0.0009561653331797757
18.5 -0.01809679012345679 0.000980143858972486
18.45 -0.01880246913580247 0.000991966971561716
18.4 -0.018321975308641977 0.0010014318651543795
18.35 -0.018200493827160494 0.000997610001143008
18.3 -0.017585679012345676 0.0009935943840929525
18.25 -0.020074074074074074 0.0010014938619109506
18.2 -0.018519506172839508 0.0010401737725359707
18.15 -0.018211358024691357 0.0009830724525720237
18.1 -0.01912888888888889 0.0010109775846242953
18.05 -0.019402469135802472 0.0010117162148809951
18.0 -0.01917679012345679 0.0010367351386069198
17.95 -0.01738172839506173 0.0010363117540853316
17.9 -0.019634074074074075 0.0010403320078865004
17.85 -0.01988395061728395 0.0010399321244837802
17.8 -0.019442962962962964 0.0010474326328044998
17.75 -0.01939604938271605 0.0010425784667886294
17.7 -0.018867654320987654 0.0010784895878665649
17.65 -0.01816 0.0010757313737974855
17.6 -0.019871604938271604 0.0010609467401285584
17.55 -0.018084444444444445 0.001062768501033291
17.5 -0.018491851851851853 0.0010820045486278661
17.45 -0.01857925925925926 0.0011087364947377737
17.4 -0.020057777777777775 0.0011051778329736793
17.35 -0.01838567901234568 0.001104279220438897
17.3 -0.018040493827160494 0.0011063822553541323
17.25 -0.020925432098765434 0.0011271129614703833
17.2 -0.019285925925925925 0.0011281163047092524
17.15 -0.019805432098765435 0.0011390506337652837
17.1 -0.018949135802469135 0.0011401268295953464
17.05 -0.018178271604938272 0.0011525796416917257
17.0 -0.02073679012345679 0.0011319456233756246
16.95 -0.021039506172839506 0.0011548039220931267
16.9 -0.02015111111111111 0.0011777829035795597
16.85 -0.019187654320987655 0.0011496539433415633
16.8 -0.021084938271604937 0.0011709509945830182
16.75 -0.01958024691358025 0.001162727831269303
16.7 -0.021938271604938272 0.0011831927628442385
16.65 -0.020401481481481482 0.0012066421955088224
16.6 -0.020071111111111112 0.001214365020205767
16.55 -0.02056888888888889 0.0012087646955385696
16.5 -0.02012493827160494 0.0012197970177918356
16.45 -0.01995456790123457 0.0012102554260252129
16.4 -0.01984 0.001224880033489766
16.35 -0.019735802469135803 0.0012381289599225236
16.3 -0.020249876543209876 0.0012363360782198134
16.25 -0.021108148148148147 0.0012727065874158813
16.2 -0.020773827160493828 0.001261048169862694
16.15 -0.0213679012345679 0.001250017666572118
16.1 -0.021064197530864196 0.0012611692202470848
16.05 -0.019039506172839508 0.001281427788842533
16.0 -0.01985037037037037 0.0012949267894290122
15.95 -0.020237037037037036 0.001299749600158493
15.9 -0.020025185185185184 0.0013124161578621726
15.85 -0.020809876543209878 0.0013450411507481502
15.8 -0.02091506172839506 0.0013354359871103278
15.75 -0.02116246913580247 0.0013326179368824437
15.7 -0.02110222222222222 0.0013217695898113215
15.65 -0.02122320987654321 0.0013548959089276034
15.6 -0.020822222222222225 0.0013548723447861623
15.55 -0.02167358024691358 0.0013886166453006426
15.5 -0.021111111111111112 0.001384593723102221
15.45 -0.02185925925925926 0.0013949703465016181
15.4 -0.01974864197530864 0.0014010457007927136
15.35 -0.021904691358024694 0.0013935416143708635
15.3 -0.021305679012345678 0.0014014907436361132
15.25 -0.02157135802469136 0.0014224670841357526
15.2 -0.022463703703703704 0.001431295174498136
15.15 -0.022321481481481484 0.001470184348552934
15.1 -0.022150617283950617 0.0014349796418935495
15.05 -0.022420246913580247 0.0014426133916108355
15.0 -0.02189975308641975 0.0014842112343264745
14.95 -0.023989135802469135 0.0014528809598809969
14.9 -0.02230469135802469 0.0015359461273071339
14.85 -0.02214469135802469 0.0015123726806298566
14.8 -0.02319061728395062 0.0015100248427706985
14.75 -0.023294814814814813 0.0015228661476218344
14.7 -0.022936296296296295 0.0015568701960831364
14.65 -0.022867654320987654 0.0015561160459371024
14.6 -0.02310074074074074 0.0015683923890939169
14.55 -0.02322716049382716 0.0015426874534655184
14.5 -0.023600987654320987 0.001582626184442389
14.45 -0.02292641975308642 0.0015884135556888852
14.4 -0.024306666666666667 0.0016066856385269013
14.35 -0.02345925925925926 0.0016701980479591314
14.3 -0.022751604938271604 0.0016383374299808798
14.25 -0.02293283950617284 0.0016261386924083002
14.2 -0.02341333333333333 0.0016528076935548258
14.15 -0.02411604938271605 0.0016496702011604683
14.1 -0.023350617283950617 0.0016408722044311801
14.05 -0.02339901234567901 0.0016784108358916363
14.0 -0.02436345679012346 0.0016777988514991178
13.95 -0.022885925925925928 0.0016804355610241265
13.9 -0.023813827160493826 0.0017448364335613843
13.85 -0.02330024691358025 0.001705786275705952
13.8 -0.02535703703703704 0.0017384648308660126
13.75 -0.024061234567901234 0.0017575868531553923
13.7 -0.02548444444444444 0.0017743069391674875
13.65 -0.02554469135802469 0.0017600084034303327
13.6 -0.024171851851851854 0.0017611702012046645
13.55 -0.025194074074074074 0.0018037102013424395
13.5 -0.025093827160493826 0.0017899911761418484
13.45 -0.025078518518518517 0.0018477872894426283
13.4 -0.024663209876543208 0.0018719280051923905
13.35 -0.024109135802469133 0.001880624384895493
13.3 -0.023945185185185184 0.0018527931501267786
13.25 -0.024877037037037038 0.0018960328607535743
13.2 -0.025274567901234567 0.0018883963358614204
13.15 -0.024658765432098766 0.0018986421006341777
13.1 -0.025807407407407404 0.0019178130601903113
13.05 -0.026059753086419755 0.0019395983649573441
13.0 -0.02464543209876543 0.0019418384222076124
12.95 -0.025549135802469137 0.001935907043620197
12.9 -0.025282962962962962 0.0019668410592015404
12.85 -0.026186172839506174 0.001992682920861785
12.8 -0.026497283950617283 0.0020324768941695597
12.75 -0.026058271604938274 0.0020786763747352634
12.7 -0.025648395061728394 0.0020610548631902204
12.65 -0.02441037037037037 0.002070119536230341
12.6 -0.026909629629629627 0.0020415531400452274
12.55 -0.026067654320987652 0.0020919983209829506
12.5 -0.02694222222222222 0.002109809731760988
12.45 -0.027015802469135798 0.002150667871872238
12.4 -0.025817283950617286 0.0021873821764879686
12.35 -0.026568888888888892 0.0021528393542907757
12.3 -0.026853333333333337 0.002165793352934312
12.25 -0.02646814814814815 0.0022359018749265993
12.2 -0.02679654320987654 0.0022134865950677006
12.15 -0.02838172839506173 0.0022381417762565472
12.1 -0.029310123456790124 0.002228367169954828
12.05 -0.02806716049382716 0.0022822406227828696
12.0 -0.027590617283950618 0.002294894562277092
11.95 -0.028114074074074073 0.002273613927411186
11.9 -0.027449876543209878 0.0024154389046599028
11.85 -0.02766172839506173 0.0023553426741915766
11.8 -0.028058765432098762 0.002362929800788052
11.75 -0.0284237037037037 0.002360709565702597
11.7 -0.02936740740740741 0.002450959620854449
11.65 -0.028308641975308645 0.0024175828084219593
11.6 -0.028377777777777776 0.002490835979360256
11.55 -0.02881135802469136 0.0024571023190608754
11.5 -0.029487901234567904 0.002510293562006114
11.45 -0.02731901234567901 0.002509789991800309
11.4 -0.03000444444444444 0.0025349329015195558
11.35 -0.029562962962962964 0.0026206344158593185
11.3 -0.030088395061728394 0.002621922028988029
11.25 -0.029592098765432097 0.0026667878929090075
11.2 -0.029662222222222222 0.002707290193373646
11.15 -0.030461234567901237 0.002633673486136836
11.1 -0.029744197530864196 0.0026976014935455976
11.05 -0.0313041975308642 0.0027224617033098837
11.0 -0.030185185185185183 0.0027576262626262623
10.95 -0.03100641975308642 0.002739784437983434
10.9 -0.03143407407407407 0.0027764497163122776
10.85 -0.032718024691358025 0.002793748530759589
10.8 -0.030051851851851854 0.0028022183229182538
10.75 -0.03313827160493827 0.002813740131535899
10.7 -0.031564444444444444 0.0028438973959233065
10.65 -0.032430123456790125 0.00292720804513007
10.6 -0.031163456790123455 0.002861794806640033
10.55 -0.031047407407407406 0.002986675426511167
10.5 -0.030678518518518518 0.0030327497884605694
10.45 -0.03301086419753087 0.0029881518388337907
10.4 -0.03223851851851852 0.0030595149227481922
10.35 -0.03157481481481481 0.0030954669522978914
10.3 -0.03294864197530864 0.0031133795152264144
10.25 -0.03195160493827161 0.0031046072709336745
10.2 -0.03293530864197531 0.0031495978021748527
10.15 -0.034699259259259256 0.0032585453783348893
10.1 -0.033161975308641976 0.003222521072806951
10.05 -0.033268148148148144 0.0032237319784713795
10.0 -0.033210864197530866 0.0033074900732839507
9.95 -0.03529037037037037 0.003331601042572501
9.9 -0.03153679012345679 0.0034207131710672
9.85 -0.033394567901234566 0.003422679593336026
9.8 -0.03499358024691358 0.00337387754197068
9.75 -0.03459506172839506 0.0034325844965544107
9.7 -0.03269382716049383 0.003520820853162654
9.65 -0.03543604938271605 0.003562818403291297
9.6 -0.035009382716049385 0.003528108016975309
9.55 -0.03451061728395062 0.0037010089094779925
9.5 -0.0330158024691358 0.003688670904770699
9.45 -0.03545925925925926 0.0037065954093469934
9.4 -0.034971358024691354 0.0037608666031777966
9.35 -0.03508543209876543 0.0038176417579874103
9.3 -0.036787160493827166 0.003837462168951237
9.25 -0.037089382716049384 0.0038030711103752405
9.2 -0.037085925925925925 0.003916751895960233
9.15 -0.03624493827160494 0.0038667015400155346
9.1 -0.03595555555555555 0.00389670929585948
9.05 -0.037243456790123454 0.004054547007918553
9.0 -0.03807506172839507 0.004039379752110959
8.95 -0.03707358024691358 0.004096626388550782
8.9 -0.03908888888888889 0.004169129655346548
8.85 -0.037638518518518516 0.004139268490102455
8.8 -0.03884592592592593 0.004265555155341291
8.75 -0.03603061728395062 0.004289614833294029
8.7 -0.03696641975308642 0.004287346091937713
8.65 -0.03866716049382716 0.004283970077067166
8.6 -0.03949629629629629 0.004477455174301758
8.55 -0.04024691358024691 0.004534556375054305
8.5 -0.03889037037037037 0.004588734928548849
8.45 -0.03844444444444444 0.004620643275536312
8.4 -0.04025234567901235 0.004633774776462024
8.35 -0.04082172839506173 0.004755094108328033
8.3 -0.04052691358024691 0.0047552946310184955
8.25 -0.04058617283950617 0.004807156684619483
8.2 -0.04000987654320988 0.004861350783263931
8.15 -0.03877481481481482 0.004973033480009421
8.1 -0.04220345679012346 0.004832971955419322
8.05 -0.04152098765432099 0.0051216294448326125
8.0 -0.04059506172839506 0.005050613572530864
7.95 -0.04045234567901235 0.005240289332671146
7.9 -0.041352098765432097 0.005295969063520605
7.85 -0.04222271604938272 0.005411853314040236
7.8 -0.042474074074074074 0.005311638671764029
7.75 -0.04373728395061729 0.005466933878362303
7.7 -0.04321679012345679 0.005580171887166865
7.65 -0.04379604938271605 0.005601497714469848
7.6 -0.043235061728395065 0.005731873875380459
7.55 -0.043738765432098765 0.005643496193723363
7.5 -0.04319111111111111 0.0058183632789245545
7.45 -0.04357135802469136 0.005843986047030469
7.4 -0.04371456790123457 0.005927713485016547
7.35 -0.04549333333333333 0.006027874713473868
7.3 -0.04518271604938272 0.00608509783643655
7.25 -0.04593333333333333 0.006113379578103668
7.2 -0.04545037037037037 0.0063052281020423715
7.15 -0.0465279012345679 0.006445068233563898
7.1 -0.046596543209876544 0.0065212488550919516
7.05 -0.045843950617283954 0.0066593360148190376
7.0 -0.047678024691358026 0.006835327264701437
6.95 -0.04860246913580247 0.006601648372109666
6.9 -0.0474720987654321 0.006854947825153444
6.85 -0.04893975308641975 0.0069102420988641
6.8 -0.04707802469135802 0.0070922590076466325
6.75 -0.04773975308641975 0.007071347447333571
6.7 -0.04849135802469136 0.007277748119545996
6.65 -0.04877975308641975 0.007390890105910836
6.6 -0.049679999999999995 0.007357769658878347
6.55 -0.05228641975308642 0.007600225017823216
6.5 -0.050670123456790124 0.0075937659965227555
6.45 -0.051852345679012354 0.00772187212704602
6.4 -0.051092839506172834 0.007789138518036264
6.35 -0.05191111111111111 0.008169582420745091
6.3 -0.05311061728395062 0.008240487282115407
6.25 -0.05307506172839506 0.008479602142372346
6.2 -0.0533037037037037 0.00841497740265413
6.15 -0.053337777777777776 0.008555260796785504
6.1 -0.055353580246913586 0.008801753262397934
6.05 -0.054910617283950615 0.008941057956609254
6.0 -0.0539041975308642 0.009206676358847735
5.95 -0.05482617283950617 0.009278074472874116
5.9 -0.055999999999999994 0.009288683186681846
5.85 -0.05818716049382716 0.009358871659375061
5.8 -0.056581234567901234 0.009501775411987495
5.75 -0.056979753086419754 0.009886988100688466
5.7 -0.057130370370370366 0.009992851911281346
5.65 -0.05605037037037037 0.009823418249096723
5.6 -0.058476543209876546 0.010354899077223484
5.55 -0.0596483950617284 0.010549766779632486
5.5 -0.0600483950617284 0.01059877246550352
5.45 -0.06097777777777777 0.010838204524081917
5.4 -0.06064938271604939 0.011086267862283861
5.35 -0.06150814814814815 0.011230119503412342
5.3 -0.06226172839506172 0.011368631585424277
5.25 -0.06267703703703703 0.01167871251729795
5.2 -0.06363703703703705 0.01164457723354518
5.15 -0.06307753086419753 0.012127144728782574
5.1 -0.06546172839506172 0.012351903702754404
5.05 -0.06607901234567902 0.012485192925893248
5.0 -0.06670271604938272 0.012698812579555557
4.95 -0.067159012345679 0.012978199798508847
4.9 -0.06740493827160494 0.013393649744705135
4.85 -0.06790074074074073 0.013703401916683402
4.8 -0.06778074074074074 0.013739703758573387
4.75 -0.0689116049382716 0.01409844107350638
4.7 -0.07028592592592592 0.014221243741595824
4.65 -0.07116246913580247 0.015000412233141915
4.6 -0.07139917037037037 0.015011271747557795
4.55 -0.07205027160493827 0.015368628057275843
4.5 -0.07278095802469135 0.015651353775121016
4.45 -0.07347770864197531 0.015983060979648498
4.4 -0.07440823703703704 0.01637888797487766
4.35 -0.07512144197530864 0.01672917120833404
4.3 -0.07639734320987654 0.017061709219564104
4.25 -0.0768552 0.01745207418442517
4.2 -0.07789365925925926 0.017824672360442766
4.15 -0.07872687407407407 0.018265855265862566
4.1 -0.0796062024691358 0.018696636657423375
4.05 -0.08076850370370371 0.019175442345546204
4.0 -0.08171503209876543 0.019572510034267163
3.95 -0.0827839012345679 0.020061109385354114
3.9 -0.08376176790123457 0.020524565294039617
3.85 -0.08479119012345679 0.021050061948809914
3.8 -0.0855203950617284 0.021585159509674767
3.75 -0.08693317530864197 0.02203498412492392
3.7 -0.08814691358024691 0.022635925285646008
3.65 -0.08916384197530863 0.0231315235421841
3.6 -0.0902220938271605 0.02383812834008901
3.55 -0.09135635555555555 0.02457024325638012
3.5 -0.09256264691358025 0.025108056756326155
3.45 -0.09384476049382716 0.025636280839085722
3.4 -0.09525240493827161 0.026451499357248234
3.35 -0.09665505185185184 0.027314152557164826
3.3 -0.0979373925925926 0.027964836982768842
3.25 -0.09937573333333334 0.028666504948611744
3.2 -0.10089866666666666 0.029650380648070993
3.15 -0.10237992098765432 0.030324389349735803
3.1 -0.1039700049382716 0.03125373003666942
3.05 -0.10553521975308643 0.03234829825612015
3.0 -0.10746984691358025 0.03315909050848045
2.95 -0.10885667160493828 0.034361582962165446
2.9 -0.11045079506172839 0.0353929180290845
2.85 -0.11231247407407408 0.03636119860021787
2.8 -0.11418647901234567 0.037397925797771764
2.75 -0.11621273086419753 0.03864706960570809
2.7 -0.11828767407407408 0.0400207970496324
2.65 -0.1202317037037037 0.04140026571061446
2.6 -0.12216114567901235 0.04257974228433805
2.55 -0.12396042469135801 0.0442342001735869
2.5 -0.12684004938271604 0.04527638575024987
2.45 -0.1286776098765432 0.047288956129791664
2.4 -0.13141815308641977 0.0489180139043292
2.35 -0.13391022222222224 0.05070691613772161
2.3 -0.13628853333333332 0.05241486034355664
2.25 -0.13899043950617282 0.054127962297222186
2.2 -0.1417397827160494 0.05638188767773247
2.15 -0.14440362469135803 0.05887464249001871
2.1 -0.1475616888888889 0.06067103005512098
2.05 -0.150845787654321 0.06294168904259674
2.0 -0.1540807111111111 0.06546195189810569
1.95 -0.15741626666666667 0.06786707213431792
1.9 -0.16084609382716047 0.07077115636835626
1.85 -0.1644978962962963 0.0735273331369706
1.8 -0.1684394864197531 0.0766120115055534
1.75 -0.17218666666666665 0.0799345927159486
1.7 -0.17598434567901236 0.0832187124959459
1.65 -0.18046925432098765 0.08678485385531103
1.6 -0.18471367901234567 0.09011518793950626
1.55 -0.18912222222222222 0.0945031168150461
1.5 -0.19419325432098766 0.09792343716876294
1.45 -0.19910383209876542 0.10185430859777068
1.4 -0.20428669629629628 0.10586459337955587
1.35 -0.20979667160493828 0.11024645527799488
1.3 -0.21529835061728397 0.11466152438535339
1.25 -0.22115494320987653 0.11907970897113966
1.2 -0.22732615308641976 0.12352512025498474
1.15 -0.23386627160493828 0.12788011224323548
1.1 -0.24043007407407407 0.132961187359494
1.05 -0.24677337283950615 0.13776956997949447
1.0 -0.2538399111111111 0.1414468616953602
0.95 -0.26097031111111113 0.14578698362623546
0.9 -0.2684972148148148 0.15023586377541004
0.85 -0.27594563950617285 0.1532971094917305
0.8 -0.28401222716049385 0.15825408749822065
0.75 -0.29259922962962964 0.1632195395552531
0.7 -0.30022617283950614 0.16778925617535698
0.65 -0.3084069925925926 0.1627750433799711
0.6 -0.3161194172839506 0.14714015292661822
0.55 -0.3234306271604938 0.11376210545827496
0.5 -0.32804985679012344 0.0780640824160726
0.45 -0.33107773827160497 0.04305872523759607
0.4 -0.3326163555555555 0.01771062277353192
0.35 -0.33319076543209875 0.004641838618899312
0.3 -0.3333061925925926 0.0012055921862082933
0.25 -0.3333333333333333 0.0
0.2 -0.3333333333333333 0.0
0.15 -0.3333333333333333 0.0
0.1 -0.3333333333333333 0.0
0.05 -0.3333333333333333 0.0
