30.0 -0.0107875 0.0003663762185185185
29.95 -0.011380625 0.00038159119652212054
29.9 -0.009999583333333334 0.00036841489465069377
29.85 -0.011177083333333332 0.0003674231711320421
29.8 -0.010754166666666667 0.0003680856680630002
29.75 -0.011439583333333335 0.00037353380787609166
29.7 -0.011524583333333333 0.00038976293874018903
29.65 -0.011507499999999999 0.00037467459790871014
29.6 -0.011794583333333332 0.0003776408323822133
29.55 -0.012945416666666668 0.00038379479517446796
29.5 -0.011160625 0.0003880517854926746
29.45 -0.010546041666666667 0.0003861514519539991
29.4 -0.012664583333333333 0.0003806725583090379
29.35 -0.011357916666666667 0.0003827466359035974
29.3 -0.01255 0.0003802290688689831
29.25 -0.011440625000000001 0.000388238174446636
29.2 -0.011165625 0.00040173340033112837
29.15 -0.011443333333333333 0.000384654154895667
29.1 -0.010256875 0.00038361430654456133
29.05 -0.011369583333333334 0.0003828254105578942
29.0 -0.011220625 0.00039073630716409037
28.95 -0.011793333333333334 0.00039424110153591
28.9 -0.011786458333333333 0.00039755639674453135
28.85 -0.011633958333333333 0.0004100860278617963
28.8 -0.013814791666666666 0.0003965702891810539
28.75 -0.01233875 0.0004044630716975425
28.7 -0.012505416666666666 0.00041134892297668626
28.65 -0.011547708333333332 0.00041549914830348007
28.6 -0.012490625 0.00041295721444202646
28.55 -0.01265625 0.0003966641976520335
28.5 -0.010439375 0.00042147520384733765
28.45 -0.011689999999999999 0.00041909354385899895
28.4 -0.011965416666666666 0.000408104952349071
28.35 -0.0111425 0.0004201954213467127
28.3 -0.013211875 0.00041800563655225225
28.25 -0.012565833333333333 0.0004217900659827185
28.2 -0.013130208333333332 0.0004133778206893517
28.15 -0.012599791666666667 0.000419828548522621
28.1 -0.010929375 0.00040650176963944216
28.05 -0.012382708333333332 0.0004055819072660123
28.0 -0.011049999999999999 0.0004115833163265306
27.95 -0.011653125 0.00041117140748824193
27.9 -0.011560208333333334 0.0004320331496148131
27.85 -0.010425833333333334 0.00044002503434338217
27.8 -0.012776666666666667 0.0004371525414488552
27.75 -0.011997083333333334 0.0004228623499607716
27.7 -0.009961458333333334 0.0004323357289399488
27.65 -0.012219791666666667 0.0004242461904325902
27.6 -0.01136625 0.0004343824896292795
27.55 -0.011188333333333333 0.00043919794273844065
27.5 -0.011618541666666668 0.0004331473128264463
27.45 -0.012803125 0.0004264682043191629
27.4 -0.012161875 0.00043700190330465136
27.35 -0.012666249999999999 0.0004388861208051896
27.3 -0.012749791666666668 0.00045659388067061145
27.25 -0.011855416666666667 0.00045258263517661246
27.2 -0.013148333333333333 0.0004401590823241061
27.15 -0.012517083333333333 0.00046092014642523237
27.1 -0.012082291666666667 0.0004613349488591748
27.05 -0.013649166666666665 0.00045187369803073433
27.0 -0.011510624999999998 0.0004677003543552812
26.95 -0.012285208333333334 0.0004521481182542169
26.9 -0.011486458333333333 0.00046873352329523737
26.85 -0.012020833333333333 0.0004503779301288742
26.8 -0.012062916666666666 0.00047197035341018783
26.75 -0.012845 0.000457445921495327
26.7 -0.0122825 0.00045370943231073517
26.65 -0.012182083333333335 0.0004600740298990809
26.6 -0.012673333333333333 0.0004710868780974993
26.55 -0.012987291666666666 0.0004771835948825073
26.5 -0.012727500000000001 0.0004761643234365729
26.45 -0.014059791666666667 0.0004884202675924306
26.4 -0.013136458333333335 0.0004702035384024908
26.35 -0.013072708333333334 0.0004713235203981819
26.3 -0.013222291666666665 0.000497181298835702
26.25 -0.012755625 0.0005009748084172336
26.2 -0.013125416666666667 0.0004833458131324903
26.15 -0.012626458333333333 0.00048405460421625015
26.1 -0.013410416666666668 0.0004860383618854685
26.05 -0.012443333333333334 0.0004985879806415881
26.0 -0.012884583333333333 0.0004922863940335305
25.95 -0.012502708333333334 0.0005120976413437728
25.9 -0.012401666666666667 0.0004901563932161616
25.85 -0.013330208333333335 0.0004902336643732687
25.8 -0.013658541666666668 0.0005037038949857781
25.75 -0.014337291666666667 0.000506232384315204
25.7 -0.012199166666666665 0.0004921572729337311
25.65 -0.012476875 0.0005088188917767671
25.6 -0.013337916666666666 0.0005090380797831217
25.55 -0.013840833333333332 0.0005265280323936667
25.5 -0.013499791666666665 0.0005234780161348201
25.45 -0.011898333333333332 0.0005169762796963112
25.4 -0.012694791666666665 0.0005119482734902971
25.35 -0.011705833333333334 0.0005060968746036748
25.3 -0.012489583333333333 0.0005392418448968114
25.25 -0.013366041666666667 0.000519520038571382
25.2 -0.013553750000000002 0.0005243587888951877
25.15 -0.01277125 0.0005236027808760426
25.1 -0.012794791666666666 0.0005492412524536646
25.05 -0.013255208333333332 0.0005388286550651192
25.0 -0.013237708333333334 0.0005337418842533334
24.95 -0.0131675 0.0005312221555201252
24.9 -0.013476041666666667 0.0005259182751756693
24.85 -0.013810000000000001 0.0005215262204481078
24.8 -0.012582083333333334 0.000532745360247572
24.75 -0.013117708333333334 0.0005501358198143046
24.7 -0.013925208333333333 0.0005454329240904348
24.65 -0.01349 0.0005168529596363971
24.6 -0.013887083333333333 0.0005445847797276753
24.55 -0.012122916666666666 0.0005555024231136698
24.5 -0.0135225 0.0005349625369429404
24.45 -0.013091458333333333 0.0005556010008740346
24.4 -0.013748958333333334 0.0005487346587918796
24.35 -0.013030624999999999 0.0005723903319433259
24.3 -0.014006041666666668 0.0005751940698826397
24.25 -0.013930625 0.0005783328630176781
24.2 -0.014848124999999998 0.000561959915064431
24.15 -0.014808958333333332 0.0005772540655724587
24.1 -0.014136666666666667 0.0005667338611020241
24.05 -0.013598541666666667 0.0005920003151064065
24.0 -0.013198958333333332 0.0005915226269531251
23.95 -0.012777083333333333 0.0005864344370302897
23.9 -0.014366666666666666 0.0005534292466868579
23.85 -0.0139125 0.0005780601095538004
23.8 -0.013718958333333335 0.0005898880993426783
23.75 -0.014109791666666668 0.0005908410485096953
23.7 -0.013642708333333335 0.0006004500521491689
23.65 -0.014310000000000002 0.0005688274453468259
23.6 -0.014265208333333333 0.0005880935236372449
23.55 -0.014858958333333333 0.0006026918629559009
23.5 -0.014975625 0.0006212484429002565
23.45 -0.014337291666666667 0.0006078326800205491
23.4 -0.014073958333333332 0.0006078728354731292
23.35 -0.014328541666666667 0.0006072417571266777
23.3 -0.014211666666666666 0.0006014535993172342
23.25 -0.01375 0.0006195367479862796
23.2 -0.014759166666666665 0.0006111110233353151
23.15 -0.014394791666666665 0.0006113629765342316
23.1 -0.014552916666666667 0.0006096590313150053
23.05 -0.012966875000000001 0.0006100033709453027
23.0 -0.015311458333333333 0.0006313576713137996
22.95 -0.015004166666666666 0.0006213805010102162
22.9 -0.014011875 0.0006446196034750165
22.85 -0.014728333333333335 0.0006428292783143163
22.8 -0.014385208333333335 0.0006361017428279214
22.75 -0.015078541666666667 0.000630166563957654
22.7 -0.0149875 0.0006575785221266989
22.65 -0.015200625 0.0006576920867830684
22.6 -0.014205625 0.0006461454993702195
22.55 -0.014895833333333332 0.0006496682251644126
22.5 -0.014551666666666666 0.0006585194550781894
22.45 -0.014356875 0.0006574586837532221
22.4 -0.014514375000000001 0.0006728470855754412
22.35 -0.016098333333333333 0.0006505118724381783
22.3 -0.015505208333333333 0.0006757998246328434
22.25 -0.014072916666666666 0.0006809038841897066
22.2 -0.01512375 0.0006874460806076347
22.15 -0.014556874999999999 0.0006929438939136847
22.1 -0.015566458333333333 0.0006806742122226543
22.05 -0.0137325 0.000691421114727574
22.0 -0.01425625 0.0006885319404269972
21.95 -0.015059375 0.000709339386557078
21.9 -0.015866458333333333 0.0006975443019501959
21.85 -0.014148333333333332 0.0007102437263988745
21.8 -0.015607708333333333 0.0007085673047828464
21.75 -0.014220833333333334 0.0006805121310609064
21.7 -0.015936875 0.0007129072782567763
21.65 -0.016002708333333334 0.0006967068829104642
21.6 -0.015392083333333334 0.0007017434355709876
21.55 -0.015834375 0.0007218188958751658
21.5 -0.014550833333333332 0.0007240096568235082
21.45 -0.014811458333333333 0.0007307103847331121
21.4 -0.015933333333333334 0.0007350570937782048
21.35 -0.016509791666666666 0.0007390635059151314
21.3 -0.015528750000000001 0.0007321314582644537
21.25 -0.015595 0.0007756951190588235
21.2 -0.014579166666666666 0.0007488355805743446
21.15 -0.014924583333333333 0.0007401147374284402
21.1 -0.015022500000000001 0.0007399698332622058
21.05 -0.016729375 0.0007522723184628087
21.0 -0.0167 0.0008032610430839003
20.95 -0.015093124999999999 0.0007493299041548712
20.9 -0.016350833333333332 0.0007397430947093703
20.85 -0.015354583333333333 0.0007752112975518865
20.8 -0.016926666666666666 0.0007819619563609468
20.75 -0.015104166666666667 0.0007694692021096435
20.7 -0.016647708333333334 0.0007528345997767354
20.65 -0.017153541666666668 0.000754551304379264
20.6 -0.015082291666666666 0.0007910984379418415
20.55 -0.017447083333333332 0.0007901920125186723
20.5 -0.01684604166666667 0.0007874003307356734
20.45 -0.017367291666666666 0.0007724310238660297
20.4 -0.015476458333333333 0.0007892305369529348
20.35 -0.016369583333333333 0.0007827057316776234
20.3 -0.017705416666666664 0.0008135759139184806
20.25 -0.014647708333333334 0.0008423542045216685
20.2 -0.016675 0.000787312485704016
20.15 -0.015620833333333334 0.0008193757653003632
20.1 -0.015875 0.0008241495672549359
20.05 -0.01657166666666667 0.0008189242617479576
20.0 -0.017144791666666666 0.0008480006869791667
19.95 -0.01681104166666667 0.000819256573995557
19.9 -0.016715416666666667 0.0008365130771950205
19.85 -0.016694166666666666 0.0008308379719432265
19.8 -0.016971666666666666 0.0008524686406149031
19.75 -0.0171 0.0008655252598408376
19.7 -0.015178333333333334 0.0008490170506841199
19.65 -0.01658270833333333 0.0008577722007696179
19.6 -0.016098125 0.0008700518134588016
19.55 -0.017054791666666666 0.0008481182364278969
19.5 -0.017305 0.0008821996910804295
19.45 -0.017229583333333333 0.0008665635568537527
19.4 -0.01784125 0.0008801664398448297
19.35 -0.016808958333333335 0.0009043116067855606
19.3 -0.017154583333333334 0.0008900193078113952
19.25 -0.01787 0.0008986041001630405
19.2 -0.018290833333333333 0.0009240691547309029
19.15 -0.01745333333333333 0.0009204048888919187
19.1 -0.016931458333333333 0.0009136062735624936
19.05 -0.017920833333333334 0.0008902381861060019
19.0 -0.017644375 0.0009060386830794091
18.95 -0.017718333333333332 0.0009288211048377553
18.9 -0.017729166666666667 0.0009262383005328332
18.85 -0.017243333333333333 0.0009186972908648714
18.8 -0.016280208333333334 0.0009437400731618756
18.75 -0.017333333333333333 0.0009631279407407406
18.7 -0.018251875 0.0009442545092081557
18.65 -0.01732520833333333 0.0009645712031999082
18.6 -0.019682708333333333 0.0009550814273085519
18.55 -0.018392291666666668 0.000976700544919997
18.5 -0.019037083333333333 0.0009716304143170196
18.45 -0.017232291666666667 0.000991789836419141
18.4 -0.017698958333333334 0.0010143733256291355
18.35 -0.018701458333333334 0.0009808072847077342
18.3 -0.017938333333333334 0.000996384414384823
18.25 -0.018224375 0.0010330111833614813
18.2 -0.018980208333333335 0.0010383855355381797
18.15 -0.01833458333333333 0.0009982505739589739
18.1 -0.01823 0.0010317158100587077
18.05 -0.018888958333333334 0.0010139679486549878
18.0 -0.018996458333333334 0.0010075452806327162
17.95 -0.017813541666666665 0.001015970675144772
17.9 -0.019288333333333334 0.0010284688093380359
17.85 -0.019185833333333333 0.001010591518594366
17.8 -0.019506041666666665 0.0010539575800351385
17.75 -0.018633125 0.0010444532243337962
17.7 -0.018308958333333333 0.001083316796764446
17.65 -0.018683125 0.001089289349324688
17.6 -0.0189275 0.0010687659826962809
17.55 -0.019231041666666667 0.0010652497008682288
17.5 -0.01888958333333333 0.0010942081931972789
17.45 -0.018814166666666667 0.0011049188193857195
17.4 -0.018489166666666668 0.0010783236583432423
17.35 -0.019083125 0.0011105350153504585
17.3 -0.018622083333333334 0.001070097647877755
17.25 -0.019464791666666665 0.0010831715532871246
17.2 -0.019145 0.0011419214548404543
17.15 -0.020113958333333334 0.001128712718651809
17.1 -0.019668541666666668 0.001105948289473684
17.05 -0.018227083333333335 0.0011279888058524895
17.0 -0.019084375 0.0011684897339965397
16.95 -0.020220208333333333 0.001098141005589347
16.9 -0.01970875 0.001175427494252069
16.85 -0.017506875 0.0011674886313166443
16.8 -0.019799583333333332 0.001173468754606009
16.75 -0.020141666666666665 0.0011841561624712257
16.7 -0.020676666666666666 0.0011909365250337648
16.65 -0.020841250000000002 0.0011556420852083316
16.6 -0.019766875 0.0011973525378320509
16.55 -0.021474375 0.0012141252231177154
16.5 -0.019032708333333332 0.0011946984558004285
16.45 -0.021236875000000002 0.0012024139968834975
16.4 -0.020493958333333333 0.0012637333419777417
16.35 -0.019528541666666666 0.0012665810905990577
16.3 -0.020383541666666668 0.0012462092011680278
16.25 -0.021399791666666668 0.0012456238907771202
16.2 -0.02092875 0.0012826230197378451
16.15 -0.020064583333333334 0.0012879635224466194
16.1 -0.021021041666666667 0.0013049100535923249
16.05 -0.020614999999999998 0.0012732181589852581
16.0 -0.01892375 0.001308606264453125
15.95 -0.019476875 0.0013062406645309437
15.9 -0.020861249999999998 0.0013425425564653297
15.85 -0.020724791666666666 0.0013283121721117072
15.8 -0.020530208333333334 0.0013033963232054158
15.75 -0.02172375 0.001321613602889057
15.7 -0.021494583333333334 0.001344670024612222
15.65 -0.020686875 0.001358872221178808
15.6 -0.021986666666666668 0.0014014269910146836
15.55 -0.021923333333333333 0.0013610359065766484
15.5 -0.021542916666666665 0.0014141380216441206
15.45 -0.02319416666666667 0.0013781515266911742
15.4 -0.022908750000000002 0.0013604373473604318
15.35 -0.022034791666666668 0.0014052931317043152
15.3 -0.021034791666666667 0.0014118488939795233
15.25 -0.022422499999999998 0.0014063249526471379
15.2 -0.022920208333333334 0.0014043801834819367
15.15 -0.020994583333333334 0.001443714702044462
15.1 -0.02287291666666667 0.0014530706219025482
15.05 -0.0202875 0.0014604598036077599
15.0 -0.022011041666666665 0.0015553460589259258
14.95 -0.023184791666666666 0.001551477933915728
14.9 -0.022478125 0.0014303022752353498
14.85 -0.021577291666666665 0.001532774356320406
14.8 -0.023183125 0.0015236442415007914
14.75 -0.022994166666666666 0.0015387157566216607
14.7 -0.022884583333333333 0.0015895327673654499
14.65 -0.024090416666666666 0.0015553502096316398
14.6 -0.02291625 0.0015183758677362858
14.55 -0.022662291666666667 0.001593636870884063
14.5 -0.022766250000000002 0.0015857597588585014
14.45 -0.023429791666666668 0.0015647231886192295
14.4 -0.023111458333333335 0.0016081020839361494
14.35 -0.024157708333333333 0.0015824106217549483
14.3 -0.022596041666666667 0.001571222369431268
14.25 -0.02461125 0.0015955661452344307
14.2 -0.024515625 0.0016766388272416188
14.15 -0.024101875 0.0016997738049336778
14.1 -0.023231041666666664 0.0016566421423721142
14.05 -0.023546875 0.0016276494883550106
14.0 -0.02433229166666667 0.0017184705771683669
13.95 -0.022084375 0.0016970850826256946
13.9 -0.023103750000000003 0.001717053706502424
13.85 -0.023245000000000002 0.001694682854548693
13.8 -0.024142916666666667 0.0017764753117342292
13.75 -0.024434374999999998 0.00177177427107438
13.7 -0.023194583333333334 0.0017494867620366917
13.65 -0.023394375 0.0018055692929821504
13.6 -0.024735416666666666 0.001812175024329585
13.55 -0.026000625 0.0017308638313294567
13.5 -0.024785416666666667 0.0018174366300868767
13.45 -0.025701041666666664 0.001844399458962701
13.4 -0.025112291666666665 0.0018236545573902874
13.35 -0.025552916666666665 0.0018984320294388568
13.3 -0.024125208333333332 0.0019125929673337477
13.25 -0.024916458333333336 0.0018815606597365612
13.2 -0.025666041666666667 0.00185663448839723
13.15 -0.025142291666666667 0.0018766939674806152
13.1 -0.025711458333333336 0.0019175280080317779
13.05 -0.024889375000000002 0.0019371832493651003
13.0 -0.02311520833333333 0.0018761011731262332
12.95 -0.024574375 0.0019345490849868071
12.9 -0.02613375 0.0019765691482883643
12.85 -0.026269583333333332 0.002016286048438786
12.8 -0.02527520833333333 0.0019392555215962724
12.75 -0.026300208333333335 0.0020142463113674226
12.7 -0.026965 0.0021193273697480736
12.65 -0.025582499999999998 0.0021086796327599764
12.6 -0.026587708333333335 0.0020905234504388177
12.55 -0.02654375 0.0019999519531436003
12.5 -0.026494791666666666 0.0020498037
12.45 -0.027469166666666666 0.0021671397824766275
12.4 -0.026521041666666665 0.0021659163305909643
12.35 -0.026056458333333334 0.0021262843711037163
12.3 -0.02791604166666667 0.0021148073231872554
12.25 -0.027632916666666663 0.002275805134305151
12.2 -0.026466666666666666 0.0022476730269640785
12.15 -0.02670125 0.002262814297955935
12.1 -0.027188541666666666 0.0022691041695125564
12.05 -0.027812083333333334 0.0022126733352846313
12.0 -0.02722645833333333 0.0022564819462384256
11.95 -0.028414375000000002 0.0023046947520176473
11.9 -0.029324375 0.0022716714303956873
11.85 -0.028525416666666668 0.0024207282733654974
11.8 -0.029584166666666665 0.0023331097376232883
11.75 -0.029771041666666664 0.002391912129108194
11.7 -0.026442708333333332 0.002494493411680912
11.65 -0.029300000000000003 0.0024372764525655895
11.6 -0.029974375 0.0024676915422488107
11.55 -0.027748958333333334 0.002490782405064872
11.5 -0.0284375 0.00250968809073724
11.45 -0.02949375 0.0025401076193563563
11.4 -0.03012875 0.002580488488509285
11.35 -0.02918875 0.0025571431468364094
11.3 -0.028869166666666668 0.002669890673767196
11.25 -0.0300325 0.0026142319449547324
11.2 -0.030236875 0.0026604851742532956
11.15 -0.02894416666666667 0.0026330510953367246
11.1 -0.029652916666666668 0.0026892860728295865
11.05 -0.02975479166666667 0.0026300506180599627
11.0 -0.031502499999999996 0.002759278998347108
10.95 -0.031023333333333333 0.002779203676320344
10.9 -0.029576875 0.0027876934488539123
10.85 -0.0301775 0.0027678437353380477
10.8 -0.030165208333333332 0.0029775868163437347
10.75 -0.03232666666666666 0.002875030955543537
10.7 -0.030322083333333333 0.0028606983058200135
10.65 -0.031078541666666668 0.0029399753628395306
10.6 -0.031482500000000004 0.0028867149151536723
10.55 -0.030838333333333332 0.0028351935359343526
10.5 -0.030416041666666668 0.0030621448216931217
10.45 -0.03131770833333333 0.002988385062536725
10.4 -0.03215416666666667 0.0030453313301282044
10.35 -0.032432499999999996 0.003116368567450038
10.3 -0.031906875 0.003162476717174097
10.25 -0.032098125 0.0031578367605790206
10.2 -0.033258125 0.0031842792578976047
10.15 -0.031853125 0.003236479003373049
10.1 -0.033033541666666666 0.0031965256085187727
10.05 -0.032895625 0.0032904305833188945
10.0 -0.03350125 0.003253585863666667
9.95 -0.033772500000000004 0.0032786037672449344
9.9 -0.033821875 0.003345543054705302
9.85 -0.033541875 0.0034718903689865757
9.8 -0.03374479166666667 0.0035502220754373174
9.75 -0.03574395833333333 0.0034950069655051495
9.7 -0.033942708333333335 0.0035580600466751685
9.65 -0.03544125 0.003481817505257412
9.6 -0.03529104166666667 0.003541915906304254
9.55 -0.03571 0.0034716608221631346
9.5 -0.03582 0.0035460398803324102
9.45 -0.034793125 0.0035850771209279325
9.4 -0.035306250000000004 0.003705439782329862
9.35 -0.03524520833333333 0.0039109347013068715
9.3 -0.03547020833333333 0.0038146465825528958
9.25 -0.03567104166666667 0.003700323268468468
9.2 -0.0346475 0.003930022166036548
9.15 -0.036022708333333334 0.00390796756337902
9.1 -0.0353375 0.0038868147566718993
9.05 -0.036713125 0.004030987482168839
9.0 -0.03601354166666667 0.004040966231995884
8.95 -0.03711375 0.0040876588000790665
8.9 -0.037126041666666665 0.00416463388198039
8.85 -0.03930416666666667 0.0042591426899464815
8.8 -0.03708 0.004266905103305784
8.75 -0.03804333333333333 0.004392763900517007
8.7 -0.038290625 0.004333344120205224
8.65 -0.037820625000000004 0.004410448225132815
8.6 -0.039562291666666666 0.004343842369636741
8.55 -0.03923375 0.004362826660738917
8.5 -0.037299375 0.004663881502998847
8.45 -0.03990020833333333 0.004590993144381033
8.4 -0.04026875 0.004686505090230535
8.35 -0.04028604166666667 0.00457766895801212
8.3 -0.039361875 0.0048777652817293266
8.25 -0.038949583333333336 0.004891497549556167
8.2 -0.041470625000000004 0.0049116367389202865
8.15 -0.03976145833333333 0.005175012103704818
8.1 -0.03981166666666667 0.005175775895950821
8.05 -0.04063854166666667 0.005078629396371024
8.0 -0.041143958333333334 0.005201172515494792
7.95 -0.04074791666666667 0.005158703097187611
7.9 -0.042195 0.00532262040057683
7.85 -0.043964166666666665 0.005232772555478926
7.8 -0.04247854166666667 0.005294750354892615
7.75 -0.043380625 0.00543819860853278
7.7 -0.04282729166666666 0.005375423618232417
7.65 -0.04391416666666667 0.005747051569339425
7.6 -0.04345875 0.005705160087142198
7.55 -0.04504104166666667 0.005773570923936084
7.5 -0.04380354166666667 0.005908636140888888
7.45 -0.042366041666666666 0.005860281151149345
7.4 -0.04410354166666666 0.0059768809640552735
7.35 -0.045775 0.006129224181282492
7.3 -0.046267499999999996 0.005936150770000627
7.25 -0.04608854166666667 0.006161965814506539
7.2 -0.045588750000000004 0.006228713625900205
7.15 -0.04657354166666666 0.0062077291784439345
7.1 -0.04574104166666667 0.0065065171842557685
7.05 -0.04709520833333333 0.006286761690558827
7.0 -0.046139999999999994 0.006671896805442179
6.95 -0.04722354166666667 0.006677751508893605
6.9 -0.046549375000000004 0.006775643602709512
6.85 -0.048312708333333336 0.006716398706910333
6.8 -0.048328750000000004 0.006787991550605535
6.75 -0.04949041666666667 0.007050699055144034
6.7 -0.04845833333333333 0.007375814955075369
6.65 -0.05007916666666667 0.007709585165922326
6.6 -0.05092625 0.007586308747321703
6.55 -0.05137791666666667 0.0076531544401064406
6.5 -0.051717708333333334 0.007510082835305719
6.45 -0.0514025 0.007788658569396872
6.4 -0.052835625 0.00807640801574707
6.35 -0.05078875 0.00807352929588526
6.3 -0.05352645833333333 0.008107755242924331
6.25 -0.05236458333333333 0.008150821866666665
6.2 -0.053396458333333334 0.00820605102996011
6.15 -0.053319791666666665 0.008899503332452022
6.1 -0.053036458333333335 0.008532668049583447
6.05 -0.053881874999999996 0.008713446556701504
6.0 -0.055221458333333334 0.00888683009976852
5.95 -0.05574458333333333 0.009376116216839678
5.9 -0.05476895833333333 0.009366470870200134
5.85 -0.05765791666666667 0.009599145161808752
5.8 -0.05675270833333334 0.009979453386593336
5.75 -0.05721854166666667 0.009437234227851293
5.7 -0.05866125 0.009955135560685339
5.65 -0.057953125 0.009870668383063143
5.6 -0.058206875 0.010034505620482567
5.55 -0.05913958333333333 0.010143717528339152
5.5 -0.059959375 0.010749416522038566
5.45 -0.060505 0.010730157457004176
5.4 -0.05986729166666666 0.01105681476651806
5.35 -0.060782916666666666 0.011549849895478501
5.3 -0.062285208333333335 0.011393864079447022
5.25 -0.062916875 0.011357307936205591
5.2 -0.06279 0.011876745049309663
5.15 -0.06482520833333334 0.011889569258491215
5.1 -0.06385875 0.012310477866205309
5.05 -0.066554375 0.012171607188510932
5.0 -0.06547291666666667 0.012886922366666668
4.95 -0.06700354166666667 0.013011939363670373
4.9 -0.06743333333333333 0.01300598972650284
4.85 -0.06831625000000001 0.013473548473447405
4.8 -0.067381875 0.01393858308412905
4.75 -0.06786333333333333 0.014141106727239151
4.7 -0.07104729166666666 0.014311258967481512
4.65 -0.07095395833333333 0.01481999643850927
4.6 -0.071517475 0.015050619774789546
4.55 -0.07229276666666666 0.015311609568941596
4.5 -0.07264454583333334 0.015754027116793252
4.45 -0.073735375 0.01605492432435298
4.4 -0.07442742916666667 0.016257774374674756
4.35 -0.07516774166666666 0.016779189024254376
4.3 -0.07628291250000001 0.01712716228696575
4.25 -0.07727225416666667 0.01736977572202427
4.2 -0.07795597083333333 0.017827362399567462
4.15 -0.07879588750000001 0.01825587890140435
4.1 -0.07967090416666667 0.01876250126625243
4.05 -0.08063831666666667 0.01913841275935255
4.0 -0.08143652916666667 0.019556705815773123
3.95 -0.08279352499999999 0.019948428299115327
3.9 -0.08379535833333333 0.020599604272409377
3.85 -0.08461555 0.0210954609582675
3.8 -0.08557893333333333 0.021461405670559576
3.75 -0.08693304583333333 0.022221200172382587
3.7 -0.08796624583333333 0.02284456674307259
3.65 -0.08915452083333332 0.023102597986557845
3.6 -0.09035999166666665 0.02393599068559571
3.55 -0.09118446250000001 0.02454649680580808
3.5 -0.09274297916666667 0.025207305676401344
3.45 -0.09411788333333333 0.02593397312125911
3.4 -0.09552722083333333 0.026592678662027382
3.35 -0.0966618375 0.02722291267742453
3.3 -0.09818421249999999 0.02801031066650723
3.25 -0.09939430833333333 0.028738324805063206
3.2 -0.10098317083333334 0.029611474416171523
3.15 -0.10233637083333334 0.030332730658791964
3.1 -0.10394389999999999 0.03139099951463895
3.05 -0.10538411666666668 0.03221496593125714
3.0 -0.10733917500000001 0.033060384071998496
2.95 -0.10879589583333334 0.034209346229924324
2.9 -0.11056187499999999 0.03512087018529532
2.85 -0.1125450375 0.03626416422099885
2.8 -0.11424756666666668 0.037695738188326555
2.75 -0.11599484583333335 0.038839409203231236
2.7 -0.11815155 0.03986005806932605
2.65 -0.12016679583333334 0.0414104126825864
2.6 -0.12255876249999999 0.04280864876991667
2.55 -0.12443389583333332 0.04440069496438558
2.5 -0.12668129583333335 0.04564907406553544
2.45 -0.1285660625 0.04737729680354008
2.4 -0.13151267916666667 0.04870294072925402
2.35 -0.13401135 0.050529823389059425
2.3 -0.13649453749999998 0.052329615627775106
2.25 -0.13912264583333334 0.05444380271985182
2.2 -0.1415824125 0.05602081550355304
2.15 -0.1445915375 0.058579882836155915
2.1 -0.14758867083333332 0.06079254521469317
2.05 -0.15080660416666666 0.06325986107299222
2.0 -0.15402429166666667 0.06528706034258332
1.95 -0.15738646250000002 0.06797086731711492
1.9 -0.16084304583333334 0.07077443801148572
1.85 -0.16452500833333333 0.07406695500949205
1.8 -0.1682072 0.07660289218725919
1.75 -0.17227047083333333 0.07990405879992511
1.7 -0.17631009166666667 0.08295896286726166
1.65 -0.1805789375 0.08624491127881795
1.6 -0.18477055833333333 0.09017200330161956
1.55 -0.18937974166666668 0.09409900035373664
1.5 -0.194155325 0.09719643406032062
1.45 -0.19936514166666666 0.10212046072460396
1.4 -0.20470727083333332 0.10536280822274695
1.35 -0.209763 0.1120551415923179
1.3 -0.21542370416666667 0.11492780975794634
1.25 -0.22126876250000002 0.11882147439571326
1.2 -0.2274126625 0.12214508526962783
1.15 -0.23385712083333332 0.12787416319425074
1.1 -0.24012104166666667 0.13414161459366458
1.05 -0.24692952083333333 0.1336481671436878
1.0 -0.25409285 0.1407656271444798
0.95 -0.26097813333333336 0.14119398669804373
0.9 -0.26789840000000004 0.14554075382939488
0.85 -0.27531262916666666 0.14567858523201538
0.8 -0.2827474916666667 0.1448248076958092
0.75 -0.29011156666666665 0.14805371167895592
0.7 -0.29729927916666665 0.13821352899368322
0.65 -0.3040552625 0.13693626929255512
0.6 -0.310673875 0.13305119821389683
0.55 -0.31737494166666663 0.12881292297305105
0.5 -0.3232695 0.11277785730133398
0.45 -0.32853235 0.0796648921860813
0.4 -0.33163805416666664 0.039551963423149296
0.35 -0.3328755666666667 0.014901766027332846
0.3 -0.3332091166666667 0.005487823876130187
0.25 -0.3333333333333333 0.0
0.2 -0.3333333333333333 0.0
0.15 -0.3333333333333333 0.0
0.1 -0.3333333333333333 0.0
0.05 -0.3333333333333333 0.0
