30.0 -0.0108544 0.0003723799817481481
29.95 -0.011804373333333333 0.0003854893405102736
29.9 -0.01048 0.00038663603315399164
29.85 -0.010151146666666666 0.0003668680042762856
29.8 -0.012192 0.00037397046979865766
29.75 -0.011867840000000001 0.0003856135773655157
29.7 -0.012656426666666666 0.0003730472408466257
29.65 -0.010555626666666667 0.00037878530348281004
29.6 -0.011752746666666668 0.0003813870312929145
29.55 -0.011589546666666665 0.0004000655170932287
29.5 -0.010807146666666666 0.00036697508322926367
29.45 -0.012057706666666666 0.00038885087716730894
29.4 -0.0105504 0.0003835385226525985
29.35 -0.011050026666666667 0.00037848903199811935
29.3 -0.011074453333333333 0.0003801390052257646
29.25 -0.012322133333333334 0.00039648091903669614
29.2 -0.011616533333333335 0.0003848429397635579
29.15 -0.0120176 0.0003858725374146659
29.1 -0.012054720000000001 0.0003994224566064799
29.05 -0.01112544 0.0003941816572045547
29.0 -0.010417706666666667 0.00039495053162235435
28.95 -0.011408426666666666 0.0003825955163062593
28.9 -0.010359573333333334 0.0004081415314293013
28.85 -0.010150293333333334 0.0003895147327320839
28.8 -0.01090592 0.00040489104398662543
28.75 -0.012171413333333334 0.0004142531930546894
28.7 -0.011439040000000001 0.00039809367980801833
28.65 -0.012731946666666666 0.0004009320268538773
28.6 -0.012220799999999999 0.00041639703379138337
28.55 -0.011536213333333333 0.0004179579765198446
28.5 -0.012720106666666666 0.0004157493001691598
28.45 -0.012308586666666666 0.00039905495352139393
28.4 -0.010618026666666667 0.00040692345203464925
28.35 -0.012480106666666666 0.0004126055136307204
28.3 -0.013286826666666668 0.0004099152221367061
28.25 -0.011907733333333333 0.00040745334386717833
28.2 -0.011628693333333334 0.000420282588811428
28.15 -0.012308053333333334 0.00041471861329732553
28.1 -0.012140586666666666 0.00042556306903104055
28.05 -0.012236373333333333 0.0004094177906158999
28.0 -0.012257493333333334 0.0004257484223346938
27.95 -0.012090346666666666 0.00041915500661471685
27.9 -0.012096533333333333 0.0004158524498571876
27.85 -0.012038186666666666 0.0004296763608159038
27.8 -0.011829546666666666 0.0004375185350433897
27.75 -0.011944853333333335 0.0004386124064392176
27.7 -0.013024746666666668 0.00043089908250804775
27.65 -0.012170559999999999 0.00042002223738660406
27.6 -0.011614186666666667 0.00041993610480151223
27.55 -0.012812373333333333 0.0004532306352803844
27.5 -0.012677013333333332 0.00043897294967043527
27.45 -0.013466453333333335 0.00042933023843044093
27.4 -0.01346784 0.0004565196363024136
27.35 -0.01226176 0.00043984632232105323
27.3 -0.011923946666666666 0.00043369171413221706
27.25 -0.01239584 0.0004786667988805432
27.2 -0.01314016 0.00045199896354671285
27.15 -0.01128128 0.0004574987702210509
27.1 -0.0120752 0.00043739580437811754
27.05 -0.01194144 0.0004387649817000763
27.0 -0.011908799999999999 0.00045031736757201644
26.95 -0.012150933333333334 0.0004524755509446822
26.9 -0.013097919999999999 0.00046721612154466274
26.85 -0.011343466666666666 0.0004697500792295057
26.8 -0.0141936 0.0004906776907997326
26.75 -0.01349952 0.00045909242483631183
26.7 -0.011937493333333334 0.00046096540585092603
26.65 -0.012208746666666668 0.00046433550891108067
26.6 -0.01270496 0.00047982208826728473
26.55 -0.013325546666666667 0.00047574220632820374
26.5 -0.012784320000000002 0.00048459374268650763
26.45 -0.012710186666666668 0.0004597156572295459
26.4 -0.0124896 0.000495081921640649
26.35 -0.012968533333333334 0.0004985459859935404
26.3 -0.013879786666666668 0.0004558956673022114
26.25 -0.012532373333333333 0.00047223514604417826
26.2 -0.012186346666666667 0.00046536696301924913
26.15 -0.014197866666666668 0.00047563599953691696
26.1 -0.013781866666666667 0.0004938501343589593
26.05 -0.012612373333333333 0.0005083112640871987
26.0 -0.012541866666666667 0.0004907988550690336
25.95 -0.012264533333333332 0.0004928013359419762
25.9 -0.012558506666666667 0.000502674497543368
25.85 -0.013083946666666667 0.0004997510420440296
25.8 -0.013101226666666667 0.0004959398435126093
25.75 -0.011911466666666667 0.0005002977658365538
25.7 -0.013220373333333332 0.0004980814673162854
25.65 -0.012433173333333334 0.000495944180847643
25.6 -0.013271680000000001 0.0005219392312239583
25.55 -0.013304106666666668 0.0005180406626441125
25.5 -0.014840106666666667 0.0005193532735548892
25.45 -0.012348266666666668 0.0005014635727153543
25.4 -0.012534293333333333 0.0005431659572629013
25.35 -0.011465066666666668 0.0005034418999853464
25.3 -0.013444906666666666 0.0005046590715447307
25.25 -0.013277653333333334 0.0005187324914314544
25.2 -0.013117973333333335 0.000513252531378181
25.15 -0.013350826666666668 0.000518028252344752
25.1 -0.01238176 0.0005341532365704247
25.05 -0.013516479999999999 0.0005243019028932421
25.0 -0.012995093333333334 0.00055190217222144
24.95 -0.013763413333333332 0.0005217001538643352
24.9 -0.013376 0.0005515103476825642
24.85 -0.013503040000000001 0.0005388294027630301
24.8 -0.01436064 0.0005827079003746097
24.75 -0.01406336 0.0005326636023258579
24.7 -0.01378272 0.0005570294263014747
24.65 -0.01281088 0.000571119581005641
24.6 -0.013469973333333333 0.0005267655252050146
24.55 -0.013704000000000001 0.0005446913261517912
24.5 -0.013985280000000001 0.0005759210530261279
24.45 -0.012991786666666668 0.0005683260966115063
24.4 -0.0141408 0.0005445783040401325
24.35 -0.013479893333333335 0.0005395017365603992
24.3 -0.013157013333333334 0.000562281531815272
24.25 -0.014649813333333334 0.0005804159481125447
24.2 -0.014701226666666666 0.0005566624867991713
24.15 -0.013416319999999999 0.0005575319952875619
24.1 -0.013997013333333332 0.0005781886617911768
24.05 -0.013109226666666666 0.0005771798809232901
24.0 -0.013323306666666668 0.0005909717864000001
23.95 -0.014552319999999999 0.0005875418432595163
23.9 -0.013196053333333334 0.0005918943520344534
23.85 -0.014981119999999999 0.0005787042290514176
23.8 -0.014012053333333335 0.0005962849119393639
23.75 -0.01457728 0.0005964683531090969
23.7 -0.013501973333333334 0.0005945637900023144
23.65 -0.014163093333333333 0.0005972497057512735
23.6 -0.013863893333333332 0.0005992612032864119
23.55 -0.013746346666666668 0.0006200117847075456
23.5 -0.01538176 0.0006022625512088124
23.45 -0.015024426666666665 0.0006053692844065993
23.4 -0.013354346666666668 0.0005887468668546523
23.35 -0.014409173333333332 0.0005809976717952762
23.3 -0.015172266666666668 0.0006184995209096993
23.25 -0.014085440000000001 0.0006154985763331097
23.2 -0.015547093333333335 0.0006545213752199762
23.15 -0.014806826666666667 0.000636645074347628
23.1 -0.01548864 0.0006309984100867675
23.05 -0.014874453333333332 0.0006421303543579536
23.0 -0.014747519999999998 0.0006043344206558286
22.95 -0.014475093333333333 0.0006309924053364724
22.9 -0.014846826666666667 0.0006286799801498827
22.85 -0.01499456 0.0006633212235999534
22.8 -0.016482453333333334 0.0006307031289299271
22.75 -0.014353493333333333 0.0006309677528615385
22.7 -0.015192106666666667 0.0006121624987270598
22.65 -0.01532608 0.000642844385196101
22.6 -0.014779733333333333 0.0006371708681964133
22.55 -0.014947839999999999 0.0006723671560128023
22.5 -0.01399744 0.000661618931770996
22.45 -0.013828906666666667 0.000624391524483311
22.4 -0.015373546666666666 0.0006402436893792518
22.35 -0.014514453333333333 0.0006506692925002042
22.3 -0.014042986666666667 0.0006781145281859679
22.25 -0.014709333333333333 0.0006637404852922611
22.2 -0.014834239999999999 0.0006532033175575577
22.15 -0.01495136 0.0007038129304568517
22.1 -0.016268906666666666 0.0006705316778629976
22.05 -0.01409248 0.0006995406086838302
22.0 -0.016171946666666666 0.0006790082772980717
21.95 -0.01541408 0.0006694999057171075
21.9 -0.014754026666666666 0.0006755773887528061
21.85 -0.014964906666666666 0.0006852943982288225
21.8 -0.015168746666666667 0.0006955429713638022
21.75 -0.015396906666666666 0.0007052646766091162
21.7 -0.014927466666666668 0.0006866294048008382
21.65 -0.01626336 0.0006954829290957159
21.6 -0.01686848 0.0007034861256149976
21.55 -0.015147306666666667 0.0007208165247023145
21.5 -0.016367146666666665 0.0007106088579345953
21.45 -0.016179093333333335 0.0007183366867710274
21.4 -0.015836693333333336 0.0007215592026226454
21.35 -0.015700373333333333 0.000746761412496604
21.3 -0.017272213333333335 0.0007459890508120816
21.25 -0.015273173333333332 0.0007334955171367565
21.2 -0.01608384 0.0007233196364447611
21.15 -0.014714453333333334 0.0007157962849240389
21.1 -0.01586048 0.0007478716867252158
21.05 -0.015798506666666667 0.0007484138060540544
21.0 -0.01549632 0.0007441221729136809
20.95 -0.01495008 0.0007469760721290035
20.9 -0.014073173333333334 0.0007635409265441115
20.85 -0.015605866666666666 0.0008109701562721045
20.8 -0.014434240000000001 0.0007946151573865876
20.75 -0.015605013333333334 0.00079806040061919
20.7 -0.015212906666666666 0.0007856386260241
20.65 -0.01614656 0.0007838366840298844
20.6 -0.01623296 0.0007640147562157916
20.55 -0.01755744 0.0007703885392005334
20.5 -0.01686848 0.0008366038154279597
20.45 -0.016017173333333332 0.0007868945691869371
20.4 -0.015633386666666665 0.000818306159487377
20.35 -0.016000533333333334 0.0007847834394251298
20.3 -0.016539306666666666 0.0008245855612925978
20.25 -0.014646186666666668 0.0008260580180995173
20.2 -0.01625664 0.0008705249672411203
20.15 -0.015573973333333333 0.0007902600257696723
20.1 -0.016714026666666666 0.0008223383552050691
20.05 -0.018529386666666668 0.0008209646444792423
20.0 -0.016073920000000002 0.0008508242106773335
19.95 -0.016521386666666665 0.0008636955592295694
19.9 -0.01677056 0.0008269109845266535
19.85 -0.016608746666666667 0.0008500206848871151
19.8 -0.01579328 0.000853624396487433
19.75 -0.017443093333333333 0.000897703014974267
19.7 -0.016703680000000002 0.0008523211100215584
19.65 -0.018255573333333334 0.0008599859695262515
19.6 -0.018234986666666668 0.000897392995040955
19.55 -0.01718101333333333 0.000865708046079238
19.5 -0.016240746666666667 0.000875159321650493
19.45 -0.01830752 0.0008583134840335447
19.4 -0.016120746666666668 0.000880921314497467
19.35 -0.0167104 0.0008728073128796124
19.3 -0.01830592 0.0009130334725521044
19.25 -0.018057493333333334 0.0008871901513070895
19.2 -0.018244373333333334 0.0008804736842476853
19.15 -0.017434026666666665 0.0008954780008127856
19.1 -0.016877973333333334 0.0008766286086631395
19.05 -0.016623786666666668 0.0009353846937481371
19.0 -0.017223893333333334 0.0008853421659715605
18.95 -0.018141333333333332 0.0009273197930952862
18.9 -0.016711466666666668 0.0009502361655422116
18.85 -0.017600426666666665 0.0009139248089601229
18.8 -0.018404906666666665 0.000979266369506564
18.75 -0.018375466666666666 0.0009466110510269632
18.7 -0.018975786666666668 0.0009540500637982214
18.65 -0.017842453333333334 0.0009772573045435534
18.6 -0.018738666666666667 0.0010143303734535785
18.55 -0.018354453333333333 0.0009955016099261118
18.5 -0.01810048 0.000991073739216752
18.45 -0.01841472 0.0010009448894928799
18.4 -0.01929216 0.0010050134026969126
18.35 -0.018954773333333334 0.000961185287456981
18.3 -0.019115413333333334 0.0009731590420066289
18.25 -0.018272533333333334 0.0010052013273584787
18.2 -0.01921184 0.0010341743290778087
18.15 -0.017389226666666667 0.000965969725228443
18.1 -0.01863712 0.0010064457717700924
18.05 -0.018312213333333334 0.001023166548434302
18.0 -0.017934506666666666 0.0009846319078716049
17.95 -0.0181392 0.0010613316793838241
17.9 -0.018030506666666668 0.001046704652384133
17.85 -0.019772053333333334 0.0009964870082483188
17.8 -0.01933664 0.0010284701297176282
17.75 -0.017328533333333333 0.0010244878334510347
17.7 -0.01774944 0.00108288619931182
17.65 -0.018651733333333333 0.0010060906131659833
17.6 -0.018184 0.0010593598398760328
17.55 -0.019309866666666668 0.0010449735315784772
17.5 -0.018792853333333335 0.0010253959907927073
17.45 -0.019300266666666666 0.0011083226026277837
17.4 -0.018290453333333335 0.0010717140655621615
17.35 -0.01923104 0.0011489062645740212
17.3 -0.017544426666666665 0.0010701794575553253
17.25 -0.01939872 0.0010989212576145628
17.2 -0.020113386666666667 0.0011082869303190915
17.15 -0.01974336 0.0010552745685887116
17.1 -0.01854784 0.001141851094070198
17.05 -0.018606400000000002 0.0011716585786958602
17.0 -0.01917728 0.0010990502921301038
16.95 -0.020458026666666667 0.0011657976616042908
16.9 -0.01982784 0.0011907033321092869
16.85 -0.01865952 0.0012150785543482228
16.8 -0.020183146666666665 0.00113517576585034
16.75 -0.019569386666666667 0.001201848849693978
16.7 -0.019176106666666668 0.0012172137996428701
16.65 -0.020660906666666666 0.0011705086980977378
16.6 -0.019882453333333334 0.0012090801466453761
16.55 -0.02099712 0.0012439745659724413
16.5 -0.019209066666666667 0.0012524228803428223
16.45 -0.021272533333333333 0.0012292013578095794
16.4 -0.020608426666666665 0.001200165209343645
16.35 -0.020545706666666667 0.001255617191174455
16.3 -0.02054656 0.0012710519417205514
16.25 -0.02087296 0.001266818831959858
16.2 -0.019760213333333332 0.0012783010150241325
16.15 -0.02066581333333333 0.0012989560322707336
16.1 -0.02127274666666667 0.00135308158174556
16.05 -0.019693333333333334 0.0013238887562556005
16.0 -0.019469866666666665 0.0012661649850000001
15.95 -0.02028672 0.001265301186894521
15.9 -0.0209136 0.0013376325856308425
15.85 -0.02076192 0.0013522109851530017
15.8 -0.02106144 0.0013409056685189339
15.75 -0.020667626666666664 0.0013117433966079784
15.7 -0.022497813333333335 0.0013330121365583458
15.65 -0.0206384 0.0013570012025844907
15.6 -0.021591466666666666 0.001370343083059391
15.55 -0.020938453333333332 0.0013767426701664926
15.5 -0.02135712 0.0013312781456382933
15.45 -0.020245546666666666 0.0014220577918661655
15.4 -0.022867733333333334 0.0013609547966492385
15.35 -0.021624960000000002 0.0013777052179131165
15.3 -0.0219184 0.0013884422075839775
15.25 -0.02090624 0.0014469078350912122
15.2 -0.02242197333333333 0.0015498381821606652
15.15 -0.02040405333333333 0.0014512401667473415
15.1 -0.022911893333333332 0.0013706260059751765
15.05 -0.021858666666666665 0.0014858779454237075
15.0 -0.02083392 0.0014579404586856296
14.95 -0.022088213333333332 0.0014020294265296065
14.9 -0.020867413333333334 0.001532473827564524
14.85 -0.021807573333333333 0.0014649238716762838
14.8 -0.022017386666666666 0.001523058649739469
14.75 -0.022539733333333336 0.0015367154938925596
14.7 -0.023710186666666667 0.0015287954544569394
14.65 -0.02204896 0.0015395354219357243
14.6 -0.022183253333333337 0.0014883074693388377
14.55 -0.022522559999999997 0.0016837968334922826
14.5 -0.024343253333333332 0.0016049737761281014
14.45 -0.022126613333333333 0.0015965896404445989
14.4 -0.021300906666666668 0.0015607882218930042
14.35 -0.023486613333333333 0.0016349956389690294
14.3 -0.02360416 0.0016853161923667012
14.25 -0.02321173333333333 0.001603642368105058
14.2 -0.023992 0.0015683384381405805
14.15 -0.022757439999999997 0.0016660675835253283
14.1 -0.023984106666666668 0.00164126800433781
14.05 -0.023739946666666668 0.001741224416774188
14.0 -0.0239584 0.0016491330155102041
13.95 -0.023719893333333332 0.0017870899787810195
13.9 -0.024115519999999998 0.0016798120646288148
13.85 -0.023425493333333335 0.001752851385788424
13.8 -0.02519744 0.0016987619278638936
13.75 -0.02448544 0.0017509167453570468
13.7 -0.02469504 0.0016800455615166856
13.65 -0.02232778666666667 0.0018571368199202989
13.6 -0.02482485333333333 0.0018281084362399079
13.55 -0.024231146666666665 0.0019015736216750863
13.5 -0.024762346666666667 0.0018511087352625513
13.45 -0.025973653333333332 0.0018065260183152071
13.4 -0.025821013333333337 0.001791509243418727
13.35 -0.025830826666666667 0.0018816592422976894
13.3 -0.023784533333333333 0.001781558729304464
13.25 -0.026185066666666666 0.0019364807198196275
13.2 -0.026424106666666666 0.0018637509378389963
13.15 -0.024606826666666668 0.0019355546590162258
13.1 -0.025572053333333334 0.0019062632118501256
13.05 -0.02383936 0.0019012752193678895
13.0 -0.026539626666666667 0.001969640559059566
12.95 -0.025576213333333334 0.001925063322388953
12.9 -0.02516181333333333 0.0020714079352218417
12.85 -0.025750506666666666 0.002001317995652117
12.8 -0.026333653333333335 0.0020660821123958326
12.75 -0.02537344 0.0020780995009861847
12.7 -0.026205333333333334 0.002078163324859983
12.65 -0.026294613333333335 0.0021396306839284052
12.6 -0.02643562666666667 0.002069344310244394
12.55 -0.027618560000000004 0.0020777215948259023
12.5 -0.02590688 0.0021166902714641065
12.45 -0.02651328 0.0021109703641270304
12.4 -0.027914880000000003 0.002113802655456122
12.35 -0.027229973333333334 0.0021808810750308973
12.3 -0.026444693333333335 0.0020568446665767725
12.25 -0.02682592 0.0022420530738254617
12.2 -0.026374826666666667 0.002376809511536325
12.15 -0.02711125333333333 0.002260787155374463
12.1 -0.02808266666666667 0.0022678035471165444
12.05 -0.02778122666666667 0.002257176737102092
12.0 -0.026442986666666665 0.002275684521214815
11.95 -0.027442346666666666 0.002300282209356279
11.9 -0.0294512 0.002379811714991879
11.85 -0.026650986666666668 0.0023914914950828154
11.8 -0.02626112 0.0024276930321478494
11.75 -0.029222826666666667 0.0025284912311723555
11.7 -0.02866709333333333 0.0024850516468093607
11.65 -0.02763072 0.002480041227054713
11.6 -0.027832 0.002451947502972652
11.55 -0.027666986666666667 0.0025192100594936375
11.5 -0.02959125333333333 0.0025043269613933207
11.45 -0.029026986666666667 0.0025037908015606114
11.4 -0.029002026666666667 0.0025535505165158513
11.35 -0.03000928 0.002480031938304774
11.3 -0.02927648 0.0025360391668906457
11.25 -0.029351573333333335 0.0025585729994145184
11.2 -0.027592106666666665 0.002620466905578232
11.15 -0.029999146666666667 0.0026434075869366637
11.1 -0.02982037333333333 0.0027659660228964104
11.05 -0.030704533333333336 0.0027044224507551708
11.0 -0.030571626666666664 0.0027386016482732795
10.95 -0.029138559999999997 0.0026722250752825565
10.9 -0.03115562666666667 0.0026696504583879014
10.85 -0.03223882666666667 0.0028033288228707346
10.8 -0.03135722666666667 0.002974214442578874
10.75 -0.03163722666666667 0.0028325270018307548
10.7 -0.030656319999999997 0.0028680454175468023
10.65 -0.030356159999999997 0.002925812937795117
10.6 -0.03128330666666666 0.0028079878500628925
10.55 -0.03063488 0.002947947869720805
10.5 -0.03048053333333333 0.003008970593136811
10.45 -0.031203306666666666 0.003070197415197149
10.4 -0.03238752 0.0030010868367258384
10.35 -0.032030826666666665 0.00305024761661089
10.3 -0.03295701333333333 0.002975007764366104
10.25 -0.03197141333333334 0.0031395246342345437
10.2 -0.03202517333333333 0.003091551220976549
10.15 -0.03191328 0.0033321513895728273
10.1 -0.032423466666666664 0.0032256660473809753
10.05 -0.03351445333333333 0.0035226129220854263
10.0 -0.03328672 0.0033688035853226676
9.95 -0.03167754666666667 0.003194360232751026
9.9 -0.03293578666666667 0.003358672656629595
9.85 -0.033017279999999996 0.003308485434054988
9.8 -0.03308608 0.0035572034708204908
9.75 -0.03479168 0.003369151937321236
9.7 -0.035189866666666667 0.0034829241665072464
9.65 -0.03406144 0.00349726261382301
9.6 -0.033456106666666666 0.0034994027869907417
9.55 -0.035316693333333336 0.0036245959942589286
9.5 -0.03447136 0.003492480469877008
9.45 -0.03454218666666667 0.0037596708110851705
9.4 -0.03588490666666667 0.0035420316044786474
9.35 -0.03468405333333333 0.0036582605923982203
9.3 -0.03464938666666667 0.003809038363112497
9.25 -0.03573834666666667 0.003917457374140929
9.2 -0.0358112 0.003793152720856964
9.15 -0.03712757333333334 0.0038664176323576875
9.1 -0.035937706666666666 0.0038562406894626262
9.05 -0.036861653333333334 0.003823897389069524
9.0 -0.03704042666666667 0.004138527577758024
8.95 -0.03787114666666667 0.004176264001002051
8.9 -0.038322666666666665 0.003995170946429323
8.85 -0.03799072 0.003950199679176055
8.8 -0.03772181333333333 0.004270327043305784
8.75 -0.035869333333333336 0.0043515666808163255
8.7 -0.039598933333333336 0.004274979163782093
8.65 -0.03827146666666667 0.004522754938153629
8.6 -0.03941450666666667 0.004230984438665945
8.55 -0.04040234666666667 0.004593868070197325
8.5 -0.03931808 0.004445655816621915
8.45 -0.04030464 0.004675017979198674
8.4 -0.03988725333333333 0.004567357989478458
8.35 -0.04092608 0.004761545712468717
8.3 -0.0402704 0.0047375653182368015
8.25 -0.040652266666666666 0.004858430642032445
8.2 -0.04101568 0.004768458870735674
8.15 -0.040496213333333336 0.004912812946761514
8.1 -0.04087829333333333 0.004993853456907993
8.05 -0.04075808 0.005125457603501921
8.0 -0.04187328 0.005224611743733332
7.95 -0.042105920000000005 0.00502692107945519
7.9 -0.04143381333333333 0.005174248580573626
7.85 -0.04218378666666667 0.005412703911010859
7.8 -0.04192544 0.005280158590330924
7.75 -0.04268085333333334 0.005403461691742212
7.7 -0.04192149333333334 0.005456907327212008
7.65 -0.04317322666666666 0.005674948960298461
7.6 -0.043328639999999995 0.005517502165392432
7.55 -0.044458880000000006 0.005629027895202256
7.5 -0.04599637333333334 0.005641766786389331
7.45 -0.045722559999999995 0.006097121423522667
7.4 -0.0455568 0.006026106528366204
7.35 -0.046123946666666665 0.006091499386840671
7.3 -0.04611882666666667 0.006218986646970661
7.25 -0.046379626666666667 0.006354748658220845
7.2 -0.04668149333333333 0.006176490179341566
7.15 -0.04649728 0.006360872294826479
7.1 -0.04608469333333333 0.0065503686465595515
7.05 -0.04713493333333333 0.00648621992267324
7.0 -0.04900533333333333 0.00672277066666667
6.95 -0.04902314666666666 0.006926728825359629
6.9 -0.0480032 0.006907850650983684
6.85 -0.04803776 0.0068912792793450195
6.8 -0.04784757333333334 0.00699885655907728
6.75 -0.04908469333333333 0.007073441905215917
6.7 -0.04892544 0.007369930243611791
6.65 -0.050532586666666664 0.007462097766015037
6.6 -0.050120533333333335 0.007324031647382919
6.55 -0.049995946666666666 0.00752105465118039
6.5 -0.05335786666666666 0.0076586764724260355
6.45 -0.04995242666666667 0.007712989154299218
6.4 -0.05146154666666666 0.007939048718333336
6.35 -0.050553813333333336 0.007904259178215637
6.3 -0.05215498666666667 0.007831801936044346
6.25 -0.05174368 0.008209175957886288
6.2 -0.05295776 0.008626242392951788
6.15 -0.052674026666666665 0.008430299945439885
6.1 -0.05364928000000001 0.00828741538938278
6.05 -0.05293568 0.008649493211345312
6.0 -0.05366933333333334 0.009185443259259251
5.95 -0.055370239999999994 0.009252389780714168
5.9 -0.055753173333333336 0.009039529073745091
5.85 -0.05626570666666667 0.009336920982425785
5.8 -0.05789514666666667 0.009021163213444318
5.75 -0.055627093333333336 0.009933300448092753
5.7 -0.055934080000000004 0.01046419607441058
5.65 -0.05850176 0.010625160795835748
5.6 -0.05856202666666667 0.010125413284217684
5.55 -0.06059850666666667 0.010455662727497223
5.5 -0.0585008 0.010765403959008263
5.45 -0.05957152 0.011459932502884717
5.4 -0.05915434666666667 0.01089309509882029
5.35 -0.06068906666666667 0.011145837429993876
5.3 -0.06189322666666666 0.011807813627473608
5.25 -0.06201685333333333 0.011407923089473023
5.2 -0.06280352 0.012268059788717946
5.15 -0.06458154666666667 0.012011895420979666
5.1 -0.06474538666666667 0.012395309349696267
5.05 -0.06383317333333333 0.012853914321748854
5.0 -0.06812970666666666 0.01256916844270933
4.95 -0.06398901333333333 0.013194972815084183
4.9 -0.06637621333333334 0.013499599215171465
4.85 -0.06753429333333333 0.01349179731410635
4.8 -0.06890837333333333 0.013468616248888891
4.75 -0.0685824 0.01335444227545706
4.7 -0.07091893333333334 0.014259914995020372
4.65 -0.07120266666666666 0.01440820614329209
4.6 -0.0714073024 0.014974338674374981
4.55 -0.0719108992 0.015351425291283173
4.5 -0.07276308693333333 0.01581482142919667
4.45 -0.07382843306666666 0.015950001824446596
4.4 -0.07440692693333334 0.01647651867389452
4.35 -0.07519140906666666 0.016747541852122207
4.3 -0.07614744533333334 0.017122095661761084
4.25 -0.0772988672 0.01744026428966753
4.2 -0.07784810453333334 0.018044137727477427
4.15 -0.07882531626666667 0.018245945913629876
4.1 -0.08001731413333334 0.018782979820511327
4.05 -0.080631008 0.019075250104494835
4.0 -0.08192793173333333 0.019662640936157477
3.95 -0.0825304704 0.02016719123856356
3.9 -0.0837327744 0.020540949872639543
3.85 -0.0847121088 0.02105241187134611
3.8 -0.0856763776 0.02164401376523536
3.75 -0.08677258239999999 0.022109698284790827
3.7 -0.08802845440000001 0.022546035576832463
3.65 -0.0890614592 0.023296364461439307
3.6 -0.09013702186666665 0.02411338982855104
3.55 -0.091380704 0.024493342631023794
3.5 -0.09292624640000001 0.025104860050538712
3.45 -0.09407773653333333 0.025816001637199725
3.4 -0.09529407786666667 0.026420376216389235
3.35 -0.09649446399999999 0.02720208256395018
3.3 -0.09806338773333333 0.028098466989429825
3.25 -0.09941192106666667 0.028473569879737783
3.2 -0.1007160192 0.02954482371967396
3.15 -0.102265792 0.03057501070426901
3.1 -0.104042176 0.03104650418429247
3.05 -0.10517438506666667 0.032408631764922986
3.0 -0.1073736448 0.033102445357735565
2.95 -0.10874827946666667 0.03417273428592302
2.9 -0.110381408 0.03511829187196695
2.85 -0.11243958186666667 0.03638654237633365
2.8 -0.11433574186666667 0.03761284951844541
2.75 -0.11607076266666666 0.038751990211598086
2.7 -0.1180953152 0.03991289928620162
2.65 -0.12011736746666667 0.041000469870060195
2.6 -0.12221874133333334 0.04277587874051904
2.55 -0.1242536384 0.044666603286289956
2.5 -0.12661821013333335 0.04551065096852932
2.45 -0.12906528 0.04710281281892551
2.4 -0.13150371626666665 0.04877072981846238
2.35 -0.13390712106666666 0.05032043434384872
2.3 -0.1364511808 0.05255639722567284
2.25 -0.1391210816 0.05415738971205955
2.2 -0.14177876266666667 0.05597101122573217
2.15 -0.14491150933333333 0.05853389477390685
2.1 -0.1477103552 0.06092620625291486
2.05 -0.15080304 0.06226215639922298
2.0 -0.15422871253333334 0.0651764813249362
1.95 -0.15740938666666668 0.06799346044942368
1.9 -0.16081117013333332 0.07131366262157326
1.85 -0.1643752256 0.07418677045704823
1.8 -0.1681356928 0.07709751007171131
1.75 -0.17211556693333332 0.07926821916945972
1.7 -0.17614938666666669 0.0830693124425367
1.65 -0.1805428352 0.086898477158107
1.6 -0.1848952576 0.08927594813259815
1.55 -0.18919126186666665 0.09497149622763273
1.5 -0.19436101333333333 0.09682459099922992
1.45 -0.1995557909333333 0.10258940402587946
1.4 -0.20454428800000002 0.10611378057732707
1.35 -0.20975787306666666 0.10971440021338427
1.3 -0.2152694250666667 0.1148936060749768
1.25 -0.22103202986666667 0.11880348865036541
1.2 -0.22757536426666664 0.12466183691105001
1.15 -0.2337309696 0.12660200838672991
1.1 -0.2403256170666667 0.13163090606518557
1.05 -0.24673506773333334 0.13705075242806883
1.0 -0.2537773504 0.14130698351668738
0.95 -0.2611508074666667 0.14306965327663337
0.9 -0.26836308266666664 0.14462815323016828
0.85 -0.2752753152 0.14556926908107792
0.8 -0.2830245824 0.14255769258792647
0.75 -0.29008794666666665 0.1485892111151393
0.7 -0.2968289621333333 0.13771914864230392
0.65 -0.3040321109333333 0.13468937972304273
0.6 -0.31068993706666664 0.12105633666624607
0.55 -0.31634400213333336 0.11312602969563497
0.5 -0.3215006016 0.09550029545713914
0.45 -0.32653674666666666 0.08795798599639515
0.4 -0.33075729493333333 0.053742402983243655
0.35 -0.3325948437333333 0.02301887088311919
0.3 -0.3332068970666667 0.005552780756584576
0.25 -0.3333333333333333 0.0
0.2 -0.3333333333333333 0.0
0.15 -0.3333333333333333 0.0
0.1 -0.3333333333333333 0.0
0.05 -0.3333333333333333 0.0
